5
35
81
79
10
76
73
13
15
21
74
14
7
38
7
87
53
62
33
93
66
2
97
73
86
13
3
39
43
41
15
40
34
36
10
44
94
95
36
10
57
92
69
73
67
63
60
81
57
28
3
87
55
68
52
29
62
14
35
66
14
67
16
10
41
71
26
99
80
92
55
42
85
99
69
64
10
58
10
87
97
19
87
99
84
79
28
55
11
21
34
32
58
9
60
29
50
67
15
55
3
86
1
88
26
93
88
19
27
41
95
37
97
86
68
89
52
99
70
22
73
14
96
38
65
81
61
50
10
88
7
37
63
31
81
93
11
55
86
66
48
9
91
91
60
70
33
17
87
69
31
75
2
1
67
95
26
96
87
80
81
61
15
98
40
29
5
4
31
7
37
40
52
47
84
10
40
31
1
91
9
80
60
40
44
26
1
80
17
53
34
50
74
79
95
77
29
23
12
61
14
55
28
43
37
3
46
56
59
6
89
4
59
63
60
37
50
4
34
16
84
36
43
11
59
81
89
79
1
75
33
32
30
8
60
55
25
76
37
81
22
32
31
52
16
97
21
90
29
83
58
4
36
86
51
44
18
96
98
94
27
91
30
65
18
41
86
54
34
6
31
61
27
27
73
2
48
13
91
61
91
98
53
9
45
80
83
88
46
87
6
76
36
71
62
56
83
54
79
90
77
29
13
90
83
10
94
36
5
86
54
50
57
13
49
45
89
63
18
35
13
85
15
25
72
25
66
3
81
87
1
83
80
81
77
90
21
44
7
82
84
47
75
29
66
64
64
49
74
62
93
50
89
30
20
92
5
23
58
1
83
1
44
97
14
47
7
78
46
61
94
100
54
64
14
93
17
24
97
22
21
91
12
96
77
29
53
27
48
66
14
29
6
27
19
100
79
100
61
6
25
60
74
1
9
31
18
36
11
92
13
34
2
83
88
13
77
66
41
33
76
46
30
88
13
82
21
47
77
28
96
11
72
55
77
53
93
36
11
94
66
62
33
84
10
7
15
88
100
93
99
1
58
79
82
44
91
41
17
29
91
38
14
96
41
94
52
85
39
85
27
44
12
23
64
26
30
5
54
41
72
35
91
13
62
16
5
6
60
60
39
10
63
33
76
48
11
19
21
23
97
67
85
20
60
77
98
93
42
31
37
80
86
78
12
96
79
13
24
38
57
24
98
70
46
96
12
22
93
39
27
58
75
12
15
38
82
99
77
63
29
16
47
4
78
86
94
40
21
9
87
44
66
11
22
98
79
37
38
11
69
12
69
12
78
32
24
2
73
22
33
67
39
19
95
91
39
5
56
88
38
27
21
57
90
32
74
21
90
48
75
80
14
87
26
10
91
32
75
34
96
61
96
73
25
71
75
60
16
74
81
47
38
75
13
47
90
60
15
66
85
27
6
41
96
77
57
86
72
25
84
96
41
40
45
30
85
20
96
76
64
25
12
31
78
57
19
88
54
6
30
68
66
66
32
71
16
40
83
26
66
21
18
44
21
36
33
48
21
4
35
95
55
33
2
65
52
31
67
17
83
50
66
78
95
80
43
76
80
18
70
65
29
14
25
77
15
48
8
23
36
46
37
96
64
23
49
84
11
82
55
42
6
6
20
69
37
66
81
23
17
51
25
78
90
95
75
57
84
79
89
42
92
61
33
21
12
87
96
25
15
74
28
70
7
44
18
9
98
24
75
43
59
98
74
95
87
97
7
45
18
92
28
81
76
65
92
36
17
95
34
97
84
72
13
76
61
10
28
77
9
76
17
61
64
36
21
23
14
44
12
12
1
23
68
13
2
69
13
59
18
87
23
10
3
90
79
91
1
36
7
64
41
27
84
41
26
13
94
55
48
74
80
17
78
95
96
50
52
22
63
3
2
96
40
8
5
55
78
23
70
35
8
74
30
34
94
85
32
36
85
8
1
59
15
84
30
65
82
91
10
60
20
84
21
18
57
89
78
18
28
53
23
11
97
38
74
59
82
5
47
72
57
79
42
96
18
56
46
10
52
37
99
11
10
70
11
40
35
74
44
79
14
59
100
84
49
17
45
34
98
62
38
63
29
62
63
72
39
49
59
56
86
12
23
89
20
76
56
92
29
98
99
97
41
96
97
61
62
36
83
16
97
78
18
9
3
25
70
35
95
23
19
84
78
45
36
83
37
20
9
50
20
1
75
6
29
10
75
97
98
39
75
18
47
88
14
41
16
61
23
34
35
20
16
93
24
75
66
37
15
43
92
17
33
69
27
53
21
35
30
90
24
8
35
18
78
28
94
95
28
72
16
30
22
58
34
11
44
70
16
50
4
62
95
31
73
39
40
81
9
19
77
5
41
48
81
9
43
80
69
6
45
53
54
7
38
56
45
41
64
87
46
9
51
10
34
20
92
29
9
64
81
80
100
99
22
94
28
71
52
6
64
11
26
35
18
38
50
12
37
76
92
38
25
56
40
15
60
67
99
84
38
9
14
25
32
56
9
27
78
100
4
17
8
54
24
71
46
57
16
24
96
43
100
56
62
7
49
40
54
61
90
74
14
60
64
63
86
67
18
92
53
95
87
98
12
12
2
81
32
26
77
55
62
43
75
82
45
62
87
33
59
91
68
26
47
69
14
28
94
93
23
24
30
91
23
77
5
42
23
56
50
56
18
100
9
78
81
57
39
62
36
49
27
47
62
4
80
70
92
45
59
44
30
83
51
28
74
52
50
61
52
53
67
36
60
71
64
82
97
15
16
99
24
26
42
43
74
57
82
69
50
5
7
16
81
19
66
98
93
84
85
24
68
89
90
30
47
17
50
46
72
21
23
28
20
37
81
74
85
46
48
61
83
18
89
9
77
53
56
19
68
81
28
90
66
92
64
9
61
80
64
99
2
50
57
22
12
84
67
47
94
60
13
48
58
30
27
15
7
53
97
19
84
3
93
73
93
86
86
65
89
95
77
40
16
71
26
74
50
87
13
15
11
94
29
13
80
34
70
57
85
71
95
57
99
52
78
94
5
81
75
66
78
7
60
94
22
9
54
86
30
11
74
81
18
95
8
21
65
32
42
55
41
50
55
69
77
1
56
58
8
88
47
66
73
84
58
33
52
69
10
77
66
11
46
74
94
78
51
9
8
82
45
96
21
34
72
39
69
57
56
79
95
6
56
31
98
75
78
45
30
88
6
78
70
54
52
71
16
92
77
14
11
96
14
9
99
87
39
42
68
46
70
50
44
92
1
92
70
20
70
81
78
49
28
52
96
49
31
97
52
79
92
5
67
2
79
11
37
47
96
27
55
25
94
82
3
57
46
75
64
69
65
59
14
80
3
53
7
53
69
33
38
7
60
10
28
18
1
81
92
28
94
53
45
41
32
65
77
7
64
79
28
50
35
29
68
78
37
78
55
45
52
92
75
46
94
98
48
43
30
12
41
6
79
44
3
79
89
22
33
31
18
9
47
62
32
57
64
60
21
16
10
90
78
67
2
53
32
39
93
89
31
40
32
69
57
4
54
23
35
89
76
75
2
11
83
83
67
24
86
96
27
3
16
16
68
50
25
49
82
3
30
6
69
82
90
56
67
67
38
76
96
78
15
71
3
9
4
60
12
88
16
16
43
84
93
93
10
44
89
85
67
74
72
55
54
15
75
6
48
52
40
39
68
13
17
41
4
61
84
71
95
92
24
35
98
92
29
81
44
71
47
2
2
71
7
16
5
50
53
59
6
69
93
11
66
75
61
76
9
77
55
83
88
65
62
34
59
19
11
24
66
80
6
67
47
49
62
17
94
18
90
97
97
84
39
68
81
82
61
51
42
50
52
6
93
79
12
30
43
13
16
59
5
45
16
65
69
80
66
2
17
99
12
63
24
4
75
76
38
37
91
41
41
42
14
46
73
85
48
72
66
29
76
39
90
92
46
92
72
63
86
76
75
8
58
67
17
8
3
86
4
97
25
22
16
52
71
80
88
94
59
18
91
14
28
78
59
100
27
70
26
62
93
17
93
2
79
93
73
48
51
78
25
23
35
10
66
55
95
8
67
24
25
61
91
15
7
93
8
28
6
24
8
65
82
38
98
58
35
42
50
87
23
81
56
9
60
85
44
73
80
97
7
48
85
27
18
78
100
1
10
85
44
40
97
54
28
29
63
11
88
6
43
2
84
48
4
4
49
24
40
58
66
32
38
57
38
7
95
42
82
44
67
77
47
13
51
59
18
45
46
9
96
82
2
39
81
26
46
79
43
98
64
45
85
92
64
39
5
71
94
81
77
58
40
24
20
26
29
73
91
35
37
13
63
48
30
95
77
69
44
10
72
80
30
86
100
75
87
91
7
50
44
63
93
20
34
77
34
11
46
32
27
9
77
33
31
52
54
61
20
74
40
77
99
35
42
98
93
9
70
76
50
45
33
34
18
84
64
37
59
56
61
10
64
67
65
75
7
95
14
75
14
33
39
65
81
7
43
40
5
81
4
80
12
47
18
43
81
35
63
74
50
94
45
54
25
17
67
48
32
25
22
56
92
75
26
46
98
94
47
85
99
87
64
2
10
69
21
41
48
15
78
77
9
20
91
32
22
38
5
74
77
42
79
80
86
62
18
4
89
90
50
6
42
29
32
28
55
37
93
27
74
84
20
15
40
88
10
84
57
51
90
97
72
39
26
34
63
10
86
16
14
53
84
95
29
93
87
34
63
92
77
94
91
56
95
28
87
92
50
58
50
58
45
12
13
63
38
12
17
53
31
77
69
77
58
68
78
50
56
85
96
46
68
74
95
24
89
36
85
18
15
26
92
88
2
10
38
97
6
90
71
7
98
99
3
48
23
13
14
50
41
77
96
15
10
30
46
68
61
61
98
13
43
39
15
79
33
59
90
98
43
30
1
35
67
19
56
34
74
47
42
84
41
80
20
22
25
71
1
87
99
74
51
60
93
42
26
13
39
65
86
48
80
49
52
11
25
62
81
72
56
98
62
95
19
9
14
72
44
95
3
51
87
22
59
32
85
9
61
81
75
83
10
53
83
96
100
100
78
60
94
88
65
3
58
21
8
17
53
47
14
61
9
71
70
75
21
2
58
29
19
93
1
93
55
4
88
66
59
34
58
56
40
90
35
27
90
16
86
86
48
89
95
52
17
76
61
26
27
21
11
75
91
24
65
82
8
51
63
44
29
45
68
37
85
60
9
100
42
17
64
62
94
76
73
59
45
16
49
54
78
36
85
88
93
2
34
85
91
72
63
8
56
77
36
80
30
84
53
76
19
47
81
91
24
79
89
83
73
43
65
14
84
24
83
70
31
17
1
24
50
26
12
7
23
34
89
50
17
66
15
59
92
5
44
88
51
97
2
20
72
46
42
20
16
95
64
54
93
56
8
11
33
42
84
18
31
40
37
54
89
27
15
38
39
51
61
9
88
64
55
4
89
74
84
79
66
12
11
39
95
25
90
24
6
84
38
52
36
41
23
51
2
21
95
65
53
3
48
74
96
24
55
20
8
98
43
69
59
46
84
45
9
66
96
22
99
74
10
37
53
80
23
45
94
96
26
55
14
50
91
100
73
10
26
72
12
82
55
99
16
17
20
70
13
37
20
73
21
83
13
25
90
57
24
71
22
98
43
98
89
14
5
19
77
48
59
5
96
33
19
90
41
18
40
74
44
90
99
35
21
85
65
59
89
98
60
58
18
51
43
77
26
94
1
62
80
99
48
86
81
46
79
12
89
43
11
10
99
87
59
84
60
9
98
60
58
62
59
98
31
97
84
6
48
69
24
98
12
44
27
100
9
14
98
23
8
89
38
23
95
50
23
69
19
100
19
47
58
44
36
92
34
81
46
61
5
52
52
69
85
4
34
18
42
52
52
83
83
60
91
88
58
62
68
83
37
11
85
62
46
27
34
30
18
52
18
33
22
11
5
75
82
22
75
87
12
65
3
28
91
8
87
25
79
71
84
47
63
84
22
41
82
33
30
20
45
77
20
51
82
94
96
38
15
87
76
8
18
3
62
17
48
1
70
94
40
69
26
60
29
52
58
31
48
50
71
80
88
32
63
7
99
87
70
57
38
85
33
37
11
18
29
22
52
1
15
14
39
36
7
73
5
89
98
62
1
17
50
75
75
28
79
67
3
53
26
65
79
81
42
85
82
78
76
67
55
30
31
7
64
24
36
9
2
96
21
96
48
41
91
27
9
85
41
66
50
70
1
31
72
70
59
73
21
45
60
3
15
47
71
68
41
76
22
60
65
99
12
21
35
64
4
4
17
16
15
67
19
95
32
77
43
54
52
60
21
34
55
28
70
92
87
95
46
46
37
76
12
26
30
65
43
72
59
80
40
71
83
47
24
66
50
40
12
100
46
58
31
76
40
13
15
32
30
87
35
72
28
69
61
30
92
23
18
74
63
87
81
4
68
94
71
1
15
43
4
66
29
98
19
31
41
97
1
61
25
28
94
86
47
51
90
35
39
15
72
84
12
30
88
71
79
37
71
8
50
5
97
81
16
70
53
20
19
7
28
12
16
87
57
45
38
31
31
59
50
47
68
34
31
54
27
49
92
40
65
65
95
72
8
89
96
46
3
45
2
46
12
49
67
78
36
41
61
49
69
100
4
85
56
91
67
60
46
98
44
3
54
88
57
62
87
12
74
19
59
50
60
11
70
73
79
41
80
3
62
95
88
94
28
96
63
20
25
75
79
53
48
84
83
80
29
25
89
1
1
95
49
4
49
58
21
88
57
16
33
42
68
73
81
40
74
63
28
99
71
95
93
71
89
12
17
23
76
80
29
33
3
35
78
13
67
24
95
15
8
98
15
28
24
67
46
61
88
36
12
89
35
36
57
40
58
48
44
30
85
75
86
35
32
36
1
43
69
4
74
54
47
94
77
56
55
69
68
53
30
22
71
100
60
70
75
94
18
10
95
13
14
69
8
53
75
83
64
87
57
35
98
69
98
55
52
16
49
32
64
55
42
74
31
84
55
87
35
43
11
67
14
76
40
18
59
35
67
87
34
65
85
54
22
13
98
3
46
37
45
44
78
62
8
93
29
67
99
55
25
80
68
36
47
9
67
71
71
15
49
29
57
8
9
39
48
62
35
58
97
5
74
34
1
39
71
64
66
50
18
88
49
74
65
44
96
85
49
57
33
59
51
16
11
82
52
69
88
25
52
12
47
14
80
99
82
7
12
50
76
71
43
94
3
3
32
99
61
34
45
86
61
46
99
32
44
44
88
11
60
9
23
43
31
39
65
81
96
74
27
64
56
46
34
31
18
44
100
29
39
81
94
74
80
91
84
73
63
75
92
60
76
78
26
14
79
82
92
94
1
51
74
21
9
72
48
96
96
92
30
58
78
6
92
83
14
40
36
83
71
82
56
23
84
24
68
34
75
52
31
13
24
45
99
17
24
100
93
8
95
37
89
28
34
5
92
4
80
10
72
63
95
19
41
62
6
53
84
44
75
80
36
57
34
62
10
57
93
42
96
58
33
19
73
65
74
27
23
76
32
8
97
46
18
100
18
54
94
66
54
21
80
8
61
74
57
69
36
55
68
23
94
57
56
65
91
99
9
73
30
20
48
57
19
77
30
76
55
43
93
7
54
68
50
82
22
23
15
45
87
82
80
19
44
21
52
47
25
78
83
89
5
86
2
85
35
63
63
28
71
85
38
70
20
63
49
7
47
40
59
37
58
92
98
43
12
52
31
22
53
24
67
50
32
35
80
4
4
56
72
76
83
4
83
51
100
57
33
79
95
77
85
13
69
26
99
13
4
45
32
36
63
100
82
26
83
37
95
92
21
39
11
63
54
42
69
81
77
33
5
7
29
25
2
55
30
44
37
96
50
81
57
98
80
21
51
25
74
88
17
47
86
99
10
46
80
58
92
47
68
78
94
29
60
7
94
69
68
25
36
32
86
24
44
34
94
45
25
21
60
62
15
6
27
14
13
14
55
56
54
88
35
3
82
79
40
81
6
13
7
58
3
53
55
25
65
19
43
5
89
68
43
56
67
3
100
72
5
12
7
51
44
49
69
93
84
61
5
5
8
4
12
91
61
11
41
63
45
33
98
70
74
82
45
44
83
45
77
81
17
54
27
42
57
17
90
10
61
64
79
68
93
32
97
81
10
22
8
39
84
97
76
6
35
69
24
88
46
77
94
74
70
20
67
3
38
43
1
36
74
30
82
96
85
93
98
37
89
59
63
31
61
63
86
93
39
84
89
13
97
46
1
62
24
45
11
93
45
55
49
51
52
26
74
98
70
84
28
37
95
96
67
44
29
29
58
68
3
88
51
28
84
19
76
98
65
60
3
10
14
49
78
18
50
17
28
82
72
48
33
16
22
97
92
62
19
28
13
42
80
71
9
30
16
53
81
93
93
56
36
22
46
9
65
27
69
34
35
48
31
69
8
54
100
96
28
5
20
89
67
52
91
45
28
87
7
59
97
92
32
54
98
2
12
99
10
63
78
5
13
41
73
42
31
44
80
77
60
58
4
52
46
26
73
3
21
45
30
98
93
34
64
84
68
25
82
10
44
25
43
23
86
33
46
55
46
84
19
25
56
15
52
7
41
56
11
4
41
48
44
1
27
35
15
20
12
62
50
8
40
31
47
36
100
53
16
86
96
76
96
81
70
4
22
99
21
16
49
64
70
23
18
54
41
81
73
4
45
51
81
90
93
62
98
2
14
3
3
21
57
62
25
58
17
33
14
82
97
76
36
6
29
53
75
82
87
79
7
77
90
85
50
58
60
2
40
43
1
3
64
97
27
40
14
56
59
83
88
20
12
92
78
58
44
39
56
97
88
10
49
87
67
77
74
36
43
54
2
42
84
87
47
83
27
82
11
73
58
2
8
54
20
33
11
71
48
71
76
62
88
91
13
97
24
98
9
69
87
68
92
3
62
19
16
8
91
64
76
79
95
94
100
76
99
7
53
64
94
50
11
81
68
93
3
55
96
19
29
34
79
84
44
84
8
18
31
19
9
59
35
1
7
45
84
14
46
6
41
77
97
27
5
55
28
74
50
9
93
71
67
65
32
53
70
54
36
37
50
9
38
58
83
98
89
24
85
20
30
84
54
51
24
74
68
22
32
76
42
84
70
96
20
96
21
34
68
84
4
41
89
83
55
95
65
22
25
8
75
8
7
28
90
54
29
83
62
4
80
22
38
39
40
88
35
43
2
20
56
93
18
96
46
89
75
22
5
84
40
27
46
56
41
4
64
100
45
61
94
19
27
39
27
34
8
84
18
36
89
74
27
7
60
95
5
66
48
100
64
93
28
7
13
77
3
33
15
96
9
4
2
79
67
78
10
46
43
80
6
53
99
58
95
67
54
15
75
7
24
65
73
34
49
84
63
26
60
38
31
33
20
47
4
60
25
44
98
25
15
92
69
46
24
31
17
39
15
36
44
10
58
79
21
36
18
31
33
74
71
57
21
87
22
30
80
96
62
8
40
1
58
85
53
70
97
33
6
57
37
57
37
58
6
21
69
24
7
25
64
39
88
66
85
45
41
97
42
90
42
22
15
41
63
96
72
67
47
8
7
91
57
9
93
35
36
64
47
20
2
60
26
12
55
16
51
66
57
9
60
43
67
27
83
87
26
74
96
89
10
10
20
57
11
54
1
66
71
28
99
24
88
39
92
58
30
59
63
30
61
83
52
88
31
19
14
79
64
62
12
1
83
61
39
63
85
89
7
42
27
12
76
56
8
44
77
11
95
9
9
76
66
28
95
84
59
21
43
88
67
64
92
14
38
90
36
24
11
65
4
54
90
56
76
66
19
27
48
84
1
27
34
48
56
40
40
53
49
32
84
66
51
28
26
55
57
97
15
71
22
9
16
24
40
20
42
81
98
79
3
25
31
55
15
70
15
77
74
86
47
11
81
75
80
16
9
82
87
15
98
55
84
31
41
100
7
50
1
79
63
26
31
2
35
24
11
82
27
16
66
64
3
77
36
49
84
62
40
59
40
59
61
43
32
40
13
65
93
39
37
12
65
9
44
66
46
28
73
21
94
27
21
38
17
88
55
51
73
16
63
45
48
24
2
47
62
84
50
48
83
14
7
35
10
13
36
21
79
26
44
19
72
22
77
87
95
60
1
48
21
81
2
64
16
78
97
61
26
100
36
67
6
97
66
20
66
84
28
49
91
33
14
53
74
20
11
72
89
88
18
87
71
61
71
19
37
25
98
2
43
32
91
41
60
97
42
62
14
25
77
95
79
37
85
87
45
66
10
88
45
5
59
7
22
62
93
29
92
12
49
74
61
64
81
51
34
13
73
84
87
98
87
22
89
53
67
75
47
68
45
26
75
74
77
53
58
23
48
72
11
85
49
33
52
13
39
67
71
88
14
57
58
36
43
85
36
96
73
65
99
29
52
71
51
92
63
4
12
36
44
15
63
68
94
10
89
8
66
94
68
1
6
57
45
97
88
63
54
55
69
13
89
88
20
22
23
91
2
22
17
72
50
57
90
15
88
95
32
72
95
54
64
85
88
88
39
69
78
36
91
25
33
46
19
81
51
80
1
59
55
45
50
24
45
54
97
52
38
8
11
93
69
67
1
27
29
72
20
98
73
75
34
83
39
99
32
67
85
100
77
63
11
53
1
26
91
67
2
16
62
83
92
52
79
84
7
3
15
40
1
54
62
41
12
97
63
3
9
100
100
87
13
53
1
64
89
25
94
10
28
57
12
98
34
88
68
62
72
93
49
49
24
80
4
75
51
80
26
57
58
92
80
55
51
40
15
62
52
69
59
73
98
25
75
90
6
64
19
80
91
7
46
28
74
37
97
43
35
71
24
79
72
92
26
73
42
57
79
23
21
1
4
56
75
97
30
77
32
82
66
38
66
66
29
30
92
25
50
26
69
57
60
11
77
49
80
24
92
55
85
86
42
24
25
28
50
9
92
70
95
99
91
69
43
17
34
49
21
31
26
44
37
90
36
3
13
5
52
20
86
27
19
30
13
34
49
27
68
48
12
96
52
77
73
54
21
38
89
23
84
92
5
3
40
49
54
16
76
73
9
52
47
3
19
100
96
13
54
81
55
51
62
37
59
2
43
22
10
17
22
42
47
81
87
61
48
80
42
1
45
77
51
92
67
10
70
55
84
25
53
21
25
41
30
55
53
56
23
41
65
54
23
2
91
30
44
57
17
72
79
42
7
31
78
47
32
90
70
49
91
16
8
33
100
69
37
11
72
100
97
17
55
20
70
64
16
17
89
59
52
37
18
78
16
29
16
16
37
86
18
84
63
24
88
4
43
64
49
33
